=== BEST SOLUTIONS FOUND ===

Instance: taiX_X_X.fsp
Jobs: 500, Machines: 20
UB: 26189, LB: 25922

Random Search (Makespan: 28957):
Sequence: 363 63 493 192 41 241 492 12 118 335 300 314 101 189 78 99 447 158 403 404 391 9 273 354 184 477 91 467 105 387 134 164 197 85 475 498 77 173 276 252 89 102 470 71 209 377 151 355 114 96 489 432 60 228 8 100 58 188 289 439 174 231 279 136 40 430 254 307 479 5 182 93 297 243 143 369 61 420 258 468 464 352 337 234 257 292 227 121 131 147 229 144 463 277 441 338 448 196 454 73 388 282 120 185 79 318 476 327 329 321 86 264 1 411 30 24 69 206 304 176 10 111 47 451 216 34 370 488 288 339 115 495 130 33 410 250 135 263 343 67 281 331 4 25 46 427 208 56 129 42 138 362 269 76 142 376 49 271 217 469 275 302 453 284 52 435 375 122 390 226 165 405 347 26 359 421 36 116 425 400 260 326 323 15 312 278 163 401 119 457 480 233 112 74 310 428 90 242 373 265 239 358 446 424 301 162 365 462 255 436 270 251 291 224 223 45 50 455 199 416 95 181 222 156 295 349 396 82 382 353 305 364 218 449 316 397 380 429 372 437 450 393 137 178 113 183 22 313 261 108 148 18 141 350 342 452 64 487 20 324 219 201 268 379 419 62 157 340 17 499 294 320 434 59 180 398 392 306 431 471 133 104 153 244 16 414 266 246 274 351 94 245 149 240 328 319 140 128 195 159 27 406 311 408 11 155 210 21 346 28 303 80 438 207 203 296 167 220 35 394 287 161 213 361 19 123 247 65 262 88 53 345 237 127 412 83 51 445 214 371 84 235 23 253 117 443 124 472 309 386 413 70 150 43 444 485 191 236 38 186 360 125 152 283 383 0 211 496 286 409 486 426 460 146 440 238 29 484 458 230 494 442 483 418 272 299 423 422 456 6 399 395 37 402 336 285 39 103 381 168 68 170 54 169 194 225 344 179 32 325 356 415 13 215 461 221 57 55 308 280 187 200 384 109 190 232 322 139 478 330 205 368 106 44 145 482 132 374 202 459 75 357 474 248 407 110 348 256 290 334 175 249 98 212 378 81 198 332 177 333 171 417 48 7 14 385 2 92 126 72 465 466 166 315 3 497 341 433 160 491 259 481 31 317 66 267 367 298 293 473 204 154 366 107 193 490 87 389 97 172 

Greedy (Makespan: 30121):
Sequence: 0 1 2 3 4 5 6 7 8 9 10 11 12 13 14 15 16 17 18 19 20 21 22 23 24 25 26 27 28 29 30 31 32 33 34 35 36 37 38 39 40 41 42 43 44 45 46 47 48 49 50 51 52 53 54 55 56 57 58 59 60 61 62 63 64 65 66 67 68 69 70 71 72 73 74 75 76 77 78 79 80 81 82 83 84 85 86 87 88 89 90 91 92 93 94 95 96 97 98 99 100 101 102 103 104 105 106 107 108 109 110 111 112 113 114 115 116 117 118 119 120 121 122 123 124 125 126 127 128 129 130 131 132 133 134 135 136 137 138 139 140 141 142 143 144 145 146 147 148 149 150 151 152 153 154 155 156 157 158 159 160 161 162 163 164 165 166 167 168 169 170 171 172 173 174 175 176 177 178 179 180 181 182 183 184 185 186 187 188 189 190 191 192 193 194 195 196 197 198 199 200 201 202 203 204 205 206 207 208 209 210 211 212 213 214 215 216 217 218 219 220 221 222 223 224 225 226 227 228 229 230 231 232 233 234 235 236 237 238 239 240 241 242 243 244 245 246 247 248 249 250 251 252 253 254 255 256 257 258 259 260 261 262 263 264 265 266 267 268 269 270 271 272 273 274 275 276 277 278 279 280 281 282 283 284 285 286 287 288 289 290 291 292 293 294 295 296 297 298 299 300 301 302 303 304 305 306 307 308 309 310 311 312 313 314 315 316 317 318 319 320 321 322 323 324 325 326 327 328 329 330 331 332 333 334 335 336 337 338 339 340 341 342 343 344 345 346 347 348 349 350 351 352 353 354 355 356 357 358 359 360 361 362 363 364 365 366 367 368 369 370 371 372 373 374 375 376 377 378 379 380 381 382 383 384 385 386 387 388 389 390 391 392 393 394 395 396 397 398 399 400 401 402 403 404 405 406 407 408 409 410 411 412 413 414 415 416 417 418 419 420 421 422 423 424 425 426 427 428 429 430 431 432 433 434 435 436 437 438 439 440 441 442 443 444 445 446 447 448 449 450 451 452 453 454 455 456 457 458 459 460 461 462 463 464 465 466 467 468 469 470 471 472 473 474 475 476 477 478 479 480 481 482 483 484 485 486 487 488 489 490 491 492 493 494 495 496 497 498 499 

Simulated Annealing (Makespan: 27133):
Sequence: 58 269 285 21 13 243 355 77 363 35 223 283 445 224 164 110 373 182 123 16 160 154 312 100 199 91 46 346 487 381 492 119 209 451 323 411 49 410 67 322 82 437 462 156 200 14 86 480 40 262 245 329 251 73 173 54 113 497 289 89 95 57 442 126 377 184 359 376 53 337 301 185 382 290 152 84 121 249 394 448 498 298 215 325 350 168 24 466 59 353 459 111 228 495 275 360 389 456 244 392 398 401 120 484 32 148 343 108 34 255 387 78 330 132 60 378 61 210 3 12 63 383 18 412 493 354 294 203 256 331 338 167 181 158 454 435 457 36 352 20 430 116 97 367 165 302 230 418 258 349 489 341 153 475 306 400 45 50 246 135 197 1 155 55 138 0 473 211 284 491 248 340 326 293 93 114 202 213 397 130 432 295 281 166 214 99 169 162 334 85 463 231 247 315 404 149 69 193 344 441 386 109 227 443 307 201 333 175 485 474 242 174 5 305 64 267 472 483 339 422 171 447 207 47 308 471 460 494 134 204 157 129 479 98 320 115 428 225 313 317 446 140 68 396 364 358 286 452 470 151 278 212 74 30 6 431 48 216 450 335 143 408 10 370 183 19 43 118 37 41 417 240 71 254 90 8 189 94 252 414 125 52 205 31 402 33 133 266 379 179 449 259 96 311 327 481 4 191 324 218 276 406 22 476 139 15 424 303 190 241 235 142 423 310 265 469 279 477 219 391 277 9 328 461 75 342 76 80 288 268 455 357 70 380 347 87 458 486 413 206 124 372 362 220 208 434 426 23 25 419 112 263 374 421 314 385 137 368 238 92 399 186 348 393 436 260 28 415 101 405 127 375 27 316 468 44 464 72 178 236 237 395 104 81 106 194 345 56 232 150 499 420 192 319 7 180 291 38 257 107 39 440 304 366 409 465 439 196 488 309 131 229 65 62 233 42 336 296 390 221 272 172 490 128 371 17 453 144 103 222 287 321 403 217 226 438 198 253 264 146 83 159 2 273 11 274 66 161 136 384 318 176 351 234 369 145 496 141 444 482 271 163 407 433 122 282 147 361 117 388 51 300 297 239 425 79 177 332 105 187 250 356 429 299 416 170 280 88 365 270 292 188 29 427 467 102 26 195 478 261 

Genetic Algorithm (Makespan: 27434):
Sequence: 241 431 445 21 78 247 9 89 376 1 266 152 471 367 353 477 67 99 73 216 287 30 183 61 383 242 446 17 254 256 473 220 469 90 182 423 278 466 448 272 357 197 158 255 284 171 449 168 430 28 15 143 402 475 491 486 223 447 142 3 406 218 274 115 497 184 101 410 487 428 490 268 34 336 162 409 233 401 72 201 213 36 105 302 465 24 374 7 422 42 151 493 496 434 134 234 165 325 40 53 139 437 109 6 467 361 250 293 340 324 100 301 74 358 58 164 87 200 68 224 346 326 395 377 355 252 463 456 160 386 421 321 294 432 476 45 245 226 25 322 185 368 66 444 400 154 373 499 310 127 285 426 32 214 414 2 188 104 133 146 308 85 126 366 327 212 203 98 65 112 257 59 215 161 131 337 489 219 206 94 344 47 306 442 452 323 292 458 27 450 312 26 12 396 385 394 304 211 137 114 175 492 13 166 369 348 181 267 20 298 16 478 380 351 69 57 474 159 331 0 22 482 75 54 468 231 484 52 56 221 77 80 460 362 145 39 461 318 118 253 271 424 102 354 275 43 370 408 62 295 225 334 316 123 455 276 260 415 195 372 282 4 23 269 96 144 97 132 79 14 281 333 191 330 204 397 48 303 365 339 153 381 232 259 483 230 262 313 338 319 300 88 192 76 107 18 341 8 329 420 407 314 343 498 388 251 332 296 393 156 403 289 193 19 148 125 249 258 335 113 140 136 111 345 359 205 163 277 371 38 328 244 443 179 180 441 174 121 495 150 60 81 44 31 485 228 202 288 135 290 387 116 235 440 167 199 427 309 46 63 429 217 413 128 187 451 433 454 110 207 33 138 49 189 263 352 390 5 315 237 435 297 155 194 92 86 261 375 425 378 411 124 35 64 173 117 391 459 307 95 229 481 170 291 208 457 248 356 55 243 209 240 106 190 198 379 93 417 120 11 480 317 37 157 82 488 418 238 119 439 50 360 279 479 103 176 464 51 41 84 177 364 71 389 178 147 283 70 320 273 342 311 210 347 363 412 264 349 405 350 399 453 286 246 305 130 108 227 236 270 83 416 196 169 438 392 10 91 398 122 472 265 436 239 382 419 129 462 470 280 186 149 494 384 404 172 29 141 222 299 

=== STATISTICS SUMMARY ===

Random Search:
  Mean: 29258.2
  Std Dev: 105.8
  Min: 28957.0
  Max: 29407.0
  Median: 29296.0
  95% CI: [29211.8, 29304.5]

Greedy:
  Mean: 35212.4
  Std Dev: 214.4
  Min: 34824.0
  Max: 35802.0
  Median: 35232.0
  95% CI: [35118.4, 35306.4]

Simulated Annealing:
  Mean: 27324.2
  Std Dev: 91.5
  Min: 27133.0
  Max: 27460.0
  Median: 27338.5
  95% CI: [27284.2, 27364.3]

Genetic Algorithm:
  Mean: 27555.5
  Std Dev: 60.7
  Min: 27434.0
  Max: 27706.0
  Median: 27558.5
  95% CI: [27528.9, 27582.0]

