=== BEST SOLUTIONS FOUND ===

Instance: taiX_X_X.fsp
Jobs: 100, Machines: 20
UB: 6286, LB: 5851

Random Search (Makespan: 7209):
Sequence: 54 0 10 1 90 60 4 37 80 84 20 55 36 91 89 78 7 41 74 16 50 61 96 66 21 13 43 75 67 15 98 52 93 14 46 5 57 26 32 87 12 82 18 79 92 33 31 38 44 65 81 76 95 34 11 85 24 68 58 3 2 22 49 64 94 39 35 59 99 62 40 8 48 63 25 86 27 70 53 6 56 47 69 42 97 17 72 73 28 29 88 30 19 45 9 23 51 71 77 83 

Greedy (Makespan: 7840):
Sequence: 0 1 2 3 4 5 6 7 8 9 10 11 12 13 14 15 16 17 18 19 20 21 22 23 24 25 26 27 28 29 30 31 32 33 34 35 36 37 38 39 40 41 42 43 44 45 46 47 48 49 50 51 52 53 54 55 56 57 58 59 60 61 62 63 64 65 66 67 68 69 70 71 72 73 74 75 76 77 78 79 80 81 82 83 84 85 86 87 88 89 90 91 92 93 94 95 96 97 98 99 

Simulated Annealing (Makespan: 6512):
Sequence: 21 0 58 23 49 82 32 53 88 26 91 40 34 77 46 39 73 74 69 11 1 99 78 66 98 5 20 2 70 89 60 38 36 50 31 47 52 64 17 90 76 65 45 8 93 27 33 95 80 44 55 54 30 10 85 84 15 43 79 92 63 29 3 75 81 13 42 7 59 9 56 87 57 4 61 86 16 72 41 28 25 19 18 48 83 22 6 51 12 96 35 94 97 67 68 62 71 37 14 24 

Genetic Algorithm (Makespan: 6642):
Sequence: 78 9 90 21 50 2 58 54 38 8 0 45 59 81 73 30 93 20 84 92 29 47 27 75 53 85 60 61 5 88 77 72 65 33 69 37 16 34 63 97 17 19 42 32 11 71 86 99 83 80 39 43 12 23 64 52 57 18 1 82 56 44 55 10 28 98 87 96 24 49 76 74 4 46 22 79 7 91 66 36 6 68 94 62 95 15 35 70 25 14 3 13 67 51 31 26 48 41 89 40 

=== STATISTICS SUMMARY ===

Random Search:
  Mean: 7310.3
  Std Dev: 37.3
  Min: 7209.0
  Max: 7364.0
  Median: 7315.5
  95% CI: [7293.9, 7326.7]

Greedy:
  Mean: 8291.5
  Std Dev: 46.5
  Min: 8202.0
  Max: 8374.0
  Median: 8276.0
  95% CI: [8271.1, 8311.8]

Simulated Annealing:
  Mean: 6603.0
  Std Dev: 38.8
  Min: 6512.0
  Max: 6680.0
  Median: 6606.0
  95% CI: [6586.0, 6620.0]

Genetic Algorithm:
  Mean: 6682.2
  Std Dev: 25.7
  Min: 6642.0
  Max: 6740.0
  Median: 6680.0
  95% CI: [6670.9, 6693.5]

