=== BEST SOLUTIONS FOUND ===

Instance: taiX_X_X.fsp
Jobs: 100, Machines: 10
UB: 5770, LB: 5759

Random Search (Makespan: 6356):
Sequence: 38 92 5 16 62 83 18 3 55 28 60 91 52 20 49 30 87 14 89 9 63 42 10 56 48 76 66 1 32 6 53 67 46 85 82 65 90 59 33 88 36 35 37 96 12 84 0 98 72 34 50 27 22 23 25 17 11 75 41 78 81 61 69 13 40 31 77 79 51 97 15 95 8 73 74 71 45 7 68 26 39 94 24 43 70 57 99 86 58 4 93 80 19 29 2 54 21 44 64 47 

Greedy (Makespan: 6983):
Sequence: 0 1 2 3 4 5 6 7 8 9 10 11 12 13 14 15 16 17 18 19 20 21 22 23 24 25 26 27 28 29 30 31 32 33 34 35 36 37 38 39 40 41 42 43 44 45 46 47 48 49 50 51 52 53 54 55 56 57 58 59 60 61 62 63 64 65 66 67 68 69 70 71 72 73 74 75 76 77 78 79 80 81 82 83 84 85 86 87 88 89 90 91 92 93 94 95 96 97 98 99 

Simulated Annealing (Makespan: 5837):
Sequence: 60 20 14 23 43 19 34 84 16 69 76 63 46 91 38 59 33 0 72 65 70 64 1 55 5 56 75 7 94 37 61 73 32 68 3 12 54 90 13 67 21 31 80 99 79 96 51 50 36 57 42 95 15 27 82 40 83 92 97 78 71 41 93 4 62 58 10 48 18 30 26 22 81 6 2 52 9 87 88 8 86 49 17 77 45 89 74 66 85 47 24 35 28 44 29 53 98 39 25 11 

Genetic Algorithm (Makespan: 5915):
Sequence: 14 95 20 23 63 33 60 85 80 46 79 67 49 76 87 13 69 5 96 26 28 36 31 75 7 32 44 34 61 59 0 91 82 89 12 84 19 17 8 94 48 10 1 24 86 50 16 66 6 27 37 55 74 73 56 72 54 47 38 3 45 29 62 35 83 65 4 57 42 98 43 40 18 92 41 52 78 53 9 30 70 15 97 93 51 21 22 77 88 64 58 99 25 81 90 2 71 11 68 39 

=== STATISTICS SUMMARY ===

Random Search:
  Mean: 6417.5
  Std Dev: 27.8
  Min: 6356.0
  Max: 6469.0
  Median: 6417.0
  95% CI: [6405.3, 6429.7]

Greedy:
  Mean: 7649.2
  Std Dev: 63.8
  Min: 7514.0
  Max: 7740.0
  Median: 7670.5
  95% CI: [7621.3, 7677.2]

Simulated Annealing:
  Mean: 5925.2
  Std Dev: 50.1
  Min: 5837.0
  Max: 6014.0
  Median: 5917.0
  95% CI: [5903.3, 5947.2]

Genetic Algorithm:
  Mean: 5962.9
  Std Dev: 29.9
  Min: 5915.0
  Max: 6023.0
  Median: 5959.0
  95% CI: [5949.8, 5976.1]

