=== BEST SOLUTIONS FOUND ===

Instance: taiX_X_X.fsp
Jobs: 500, Machines: 20
UB: 26189, LB: 25922

Random Search (Makespan: 28957):
Sequence: 363 63 493 192 41 241 492 12 118 335 300 314 101 189 78 99 447 158 403 404 391 9 273 354 184 477 91 467 105 387 134 164 197 85 475 498 77 173 276 252 89 102 470 71 209 377 151 355 114 96 489 432 60 228 8 100 58 188 289 439 174 231 279 136 40 430 254 307 479 5 182 93 297 243 143 369 61 420 258 468 464 352 337 234 257 292 227 121 131 147 229 144 463 277 441 338 448 196 454 73 388 282 120 185 79 318 476 327 329 321 86 264 1 411 30 24 69 206 304 176 10 111 47 451 216 34 370 488 288 339 115 495 130 33 410 250 135 263 343 67 281 331 4 25 46 427 208 56 129 42 138 362 269 76 142 376 49 271 217 469 275 302 453 284 52 435 375 122 390 226 165 405 347 26 359 421 36 116 425 400 260 326 323 15 312 278 163 401 119 457 480 233 112 74 310 428 90 242 373 265 239 358 446 424 301 162 365 462 255 436 270 251 291 224 223 45 50 455 199 416 95 181 222 156 295 349 396 82 382 353 305 364 218 449 316 397 380 429 372 437 450 393 137 178 113 183 22 313 261 108 148 18 141 350 342 452 64 487 20 324 219 201 268 379 419 62 157 340 17 499 294 320 434 59 180 398 392 306 431 471 133 104 153 244 16 414 266 246 274 351 94 245 149 240 328 319 140 128 195 159 27 406 311 408 11 155 210 21 346 28 303 80 438 207 203 296 167 220 35 394 287 161 213 361 19 123 247 65 262 88 53 345 237 127 412 83 51 445 214 371 84 235 23 253 117 443 124 472 309 386 413 70 150 43 444 485 191 236 38 186 360 125 152 283 383 0 211 496 286 409 486 426 460 146 440 238 29 484 458 230 494 442 483 418 272 299 423 422 456 6 399 395 37 402 336 285 39 103 381 168 68 170 54 169 194 225 344 179 32 325 356 415 13 215 461 221 57 55 308 280 187 200 384 109 190 232 322 139 478 330 205 368 106 44 145 482 132 374 202 459 75 357 474 248 407 110 348 256 290 334 175 249 98 212 378 81 198 332 177 333 171 417 48 7 14 385 2 92 126 72 465 466 166 315 3 497 341 433 160 491 259 481 31 317 66 267 367 298 293 473 204 154 366 107 193 490 87 389 97 172 

Greedy (Makespan: 30121):
Sequence: 0 1 2 3 4 5 6 7 8 9 10 11 12 13 14 15 16 17 18 19 20 21 22 23 24 25 26 27 28 29 30 31 32 33 34 35 36 37 38 39 40 41 42 43 44 45 46 47 48 49 50 51 52 53 54 55 56 57 58 59 60 61 62 63 64 65 66 67 68 69 70 71 72 73 74 75 76 77 78 79 80 81 82 83 84 85 86 87 88 89 90 91 92 93 94 95 96 97 98 99 100 101 102 103 104 105 106 107 108 109 110 111 112 113 114 115 116 117 118 119 120 121 122 123 124 125 126 127 128 129 130 131 132 133 134 135 136 137 138 139 140 141 142 143 144 145 146 147 148 149 150 151 152 153 154 155 156 157 158 159 160 161 162 163 164 165 166 167 168 169 170 171 172 173 174 175 176 177 178 179 180 181 182 183 184 185 186 187 188 189 190 191 192 193 194 195 196 197 198 199 200 201 202 203 204 205 206 207 208 209 210 211 212 213 214 215 216 217 218 219 220 221 222 223 224 225 226 227 228 229 230 231 232 233 234 235 236 237 238 239 240 241 242 243 244 245 246 247 248 249 250 251 252 253 254 255 256 257 258 259 260 261 262 263 264 265 266 267 268 269 270 271 272 273 274 275 276 277 278 279 280 281 282 283 284 285 286 287 288 289 290 291 292 293 294 295 296 297 298 299 300 301 302 303 304 305 306 307 308 309 310 311 312 313 314 315 316 317 318 319 320 321 322 323 324 325 326 327 328 329 330 331 332 333 334 335 336 337 338 339 340 341 342 343 344 345 346 347 348 349 350 351 352 353 354 355 356 357 358 359 360 361 362 363 364 365 366 367 368 369 370 371 372 373 374 375 376 377 378 379 380 381 382 383 384 385 386 387 388 389 390 391 392 393 394 395 396 397 398 399 400 401 402 403 404 405 406 407 408 409 410 411 412 413 414 415 416 417 418 419 420 421 422 423 424 425 426 427 428 429 430 431 432 433 434 435 436 437 438 439 440 441 442 443 444 445 446 447 448 449 450 451 452 453 454 455 456 457 458 459 460 461 462 463 464 465 466 467 468 469 470 471 472 473 474 475 476 477 478 479 480 481 482 483 484 485 486 487 488 489 490 491 492 493 494 495 496 497 498 499 

Simulated Annealing (Makespan: 27025):
Sequence: 422 492 449 118 182 239 157 77 394 103 247 89 34 377 127 188 163 28 343 495 406 354 251 456 296 256 298 324 0 285 82 187 241 450 234 67 60 213 418 205 119 479 481 274 6 179 138 305 214 373 181 245 36 212 438 202 415 451 474 225 55 143 203 38 144 410 287 286 160 242 42 224 211 311 294 145 391 478 12 200 310 243 216 346 215 24 8 41 168 472 326 22 411 318 1 219 5 33 387 162 90 421 386 360 458 435 284 85 208 58 471 282 336 137 304 463 59 306 72 194 109 183 165 116 228 78 27 316 117 68 380 175 206 17 467 35 73 15 417 258 40 468 314 95 217 152 51 70 11 199 223 382 66 169 134 269 362 220 290 156 112 44 65 427 197 392 320 364 142 498 271 385 389 63 48 161 461 344 173 52 135 54 452 484 454 486 240 330 367 158 18 323 488 359 446 482 469 425 43 268 266 292 3 341 128 186 198 101 92 133 105 248 171 369 490 393 180 140 61 345 100 494 368 120 281 321 150 74 313 402 131 372 370 218 147 37 288 267 466 448 159 121 170 334 96 338 23 20 460 185 297 69 190 86 348 464 252 254 272 259 255 111 104 315 25 404 489 400 226 455 426 432 413 191 149 327 189 390 409 301 151 453 21 232 477 309 260 407 440 7 350 445 396 335 376 45 148 434 423 276 381 124 401 81 436 13 227 365 172 279 16 204 122 312 424 444 273 47 166 283 115 430 249 253 193 342 154 366 153 497 178 99 62 244 257 358 80 379 155 221 395 71 499 383 291 30 378 374 361 470 308 75 123 340 331 94 49 419 126 375 262 416 176 353 192 483 110 57 88 420 322 114 207 164 136 264 265 476 412 473 53 87 9 98 84 270 233 439 106 295 487 231 210 246 97 496 2 397 113 493 447 29 442 139 414 222 357 437 355 325 275 4 339 261 480 403 302 398 443 319 108 146 263 209 303 129 177 195 332 277 19 441 351 371 333 167 408 237 10 475 174 429 328 405 457 363 349 229 46 56 50 132 428 79 130 141 337 356 107 388 300 230 317 465 201 93 491 235 459 289 184 102 91 125 352 485 26 31 280 64 236 238 399 431 250 293 329 39 384 76 32 462 299 433 196 347 83 307 278 14 

Genetic Algorithm (Makespan: 27664):
Sequence: 307 87 149 226 108 466 98 493 440 217 241 342 134 67 251 273 385 384 200 268 401 224 89 278 115 1 272 256 129 311 480 357 405 99 285 302 335 58 59 109 415 329 75 437 220 264 153 78 310 158 347 146 255 487 427 196 123 166 346 284 140 171 178 39 495 83 428 348 266 35 143 275 239 328 215 25 61 216 410 183 245 422 463 18 21 407 42 80 372 188 136 240 74 398 119 488 467 152 201 305 46 308 377 257 321 10 304 417 400 34 448 296 228 438 165 22 424 430 374 443 117 20 490 381 17 471 408 431 289 150 419 270 13 383 449 209 496 447 82 69 382 127 327 456 332 214 197 253 459 68 421 5 361 349 375 130 167 379 97 330 86 162 306 491 326 498 350 144 352 418 104 457 6 366 124 91 57 207 248 159 190 481 73 318 393 489 356 55 234 231 242 395 142 77 160 174 312 12 380 315 181 65 301 147 223 48 213 210 378 282 206 499 267 314 274 392 110 269 413 102 406 192 486 297 323 436 442 324 62 397 47 464 94 195 426 479 107 465 52 319 292 41 168 225 180 441 64 298 88 90 390 409 290 169 30 175 287 182 186 365 219 492 412 28 121 435 237 43 340 295 148 151 246 72 478 133 252 316 286 320 279 444 179 156 259 27 450 170 331 198 56 391 232 128 132 271 93 114 364 233 145 394 247 261 187 445 371 194 475 243 433 263 92 79 122 291 363 7 337 138 460 229 16 185 2 218 95 322 333 106 317 474 451 281 126 23 293 497 125 432 360 369 336 238 26 345 484 36 425 60 4 212 434 288 458 96 9 367 118 313 0 403 388 260 221 446 414 262 44 81 254 29 33 101 453 63 100 45 24 370 113 300 222 472 339 112 249 193 280 135 452 470 202 344 283 199 230 439 211 454 373 184 258 396 468 294 429 38 399 411 387 173 485 423 309 477 189 85 277 476 353 203 49 172 111 116 325 483 105 40 139 469 32 176 15 386 163 376 299 131 236 164 3 354 19 177 53 227 155 338 161 359 205 303 404 71 420 244 8 351 137 362 103 84 66 494 70 51 276 473 416 250 334 37 204 191 343 355 157 31 208 461 54 265 154 358 482 235 141 120 11 50 341 368 402 14 455 76 462 389 

=== STATISTICS SUMMARY ===

Random Search:
  Mean: 29231.1
  Std Dev: 111.3
  Min: 28957.0
  Max: 29407.0
  Median: 29258.5
  95% CI: [29182.3, 29279.9]

Greedy:
  Mean: 35212.4
  Std Dev: 214.4
  Min: 34824.0
  Max: 35802.0
  Median: 35232.0
  95% CI: [35118.4, 35306.4]

Simulated Annealing:
  Mean: 27159.5
  Std Dev: 85.6
  Min: 27025.0
  Max: 27328.0
  Median: 27157.5
  95% CI: [27122.0, 27197.0]

Genetic Algorithm:
  Mean: 27790.0
  Std Dev: 65.1
  Min: 27664.0
  Max: 27883.0
  Median: 27798.0
  95% CI: [27761.4, 27818.5]

